year,Cities,Villages,Cropland,Rangeland,Seminatural,Wild,humanfactor
"10,000 BC",0,0,0,0,0.27085795,0.72914205,0
9000 BC,0,0,0,0,0.27456081,0.72543919,0
8000 BC,0.00000046,0,0,0.00000012,0.27734004,0.72265937,0.00000058
7000 BC,0.00000046,0,0,0.00000023,0.28024217,0.71975713,0.00000069
6000 BC,0.00000034,0.00000046,0.00000422,0.00000028,0.28364284,0.71635185,0.0000053
5000 BC,0.00000034,0.00000138,0.00007327,0.0000008,0.28560149,0.71432272,0.00007579
4000 BC,0.00000215,0.00000249,0.00116909,0.00000083,0.28723796,0.71158747,0.00117456
3000 BC,0.00000466,0.00000249,0.00209676,0.00000042,0.28874826,0.70914742,0.00210433
2000 BC,0.00001054,0.0000135,0.00313771,0.00000847,0.29147447,0.70535532,0.00317022
1000 BC,0.00003753,0.00003742,0.0065344,0.00775928,0.29205603,0.69357535,0.01436863
1 BC,0.00024498,0.00024745,0.01348184,0.01269776,0.28888666,0.68444131,0.02667203
100,0.0003314,0.00026699,0.01367961,0.01363195,0.29070366,0.68138639,0.02790995
200,0.00041439,0.00031887,0.0131413,0.01415376,0.2923033,0.67966837,0.02802832
300,0.00051537,0.00037863,0.01052234,0.01429754,0.29531875,0.67896738,0.02571388
400,0.00063723,0.00043142,0.0109674,0.01382144,0.29649518,0.67764732,0.02585749
500,0.00075919,0.00047017,0.01091886,0.0175552,0.29698505,0.67331153,0.02970342
600,0.00083621,0.0005396,0.01161883,0.02440931,0.29631212,0.66628393,0.03740395
700,0.00088809,0.00065283,0.01120179,0.02975584,0.29638527,0.66111618,0.04249855
800,0.00094813,0.00077627,0.01134159,0.03498623,0.29337356,0.65857423,0.04805222
900,0.00098645,0.0008831,0.01312136,0.03917744,0.28983779,0.65599386,0.05416835
1000,0.00101993,0.00097796,0.0139182,0.04193906,0.28849785,0.65364699,0.05785515
1100,0.00109429,0.00130653,0.01920857,0.04444527,0.28244658,0.65149876,0.06605466
1200,0.00119828,0.00160571,0.02252671,0.04684938,0.27991419,0.64790574,0.07218008
1300,0.00130183,0.0014057,0.02334576,0.04870456,0.27836911,0.64687304,0.07475785
1400,0.0013842,0.00135192,0.02064287,0.05170171,0.27974307,0.64517623,0.0750807
1500,0.0015937,0.00172305,0.02446623,0.05557557,0.27640784,0.6402336,0.08335855
1600,0.00170761,0.00233483,0.02404394,0.06353871,0.27537985,0.63299506,0.09162509
1700,0.00314305,0.00315589,0.0256405,0.07011417,0.27035173,0.62759467,0.10205361
1710,0.003147,0.00347216,0.02672917,0.06966835,0.27019914,0.62678418,0.10301668
1720,0.00304113,0.00392594,0.02783782,0.07262202,0.26908006,0.62349303,0.10742691
1730,0.00304959,0.00436777,0.0289751,0.08019381,0.26778607,0.61562766,0.11658627
1740,0.0030933,0.00516496,0.03008968,0.0874719,0.26629506,0.6078851,0.12581984
1750,0.00302566,0.0066759,0.03155475,0.10462791,0.26413657,0.58997921,0.14588422
1760,0.00271365,0.00801067,0.03345529,0.10937118,0.26149792,0.5849513,0.15355079
1770,0.00245785,0.0095917,0.0349878,0.11421954,0.25894152,0.57980158,0.16125689
1780,0.00271087,0.01213958,0.0352997,0.11879066,0.255909,0.57515018,0.16894081
1790,0.00286716,0.01324259,0.03665533,0.12189578,0.25378035,0.5715588,0.17466086
1800,0.00267161,0.01361265,0.03884419,0.12826322,0.25211498,0.56449335,0.18339167
1810,0.00327561,0.01506885,0.0404451,0.13170413,0.24947116,0.56003515,0.19049369
1820,0.0033279,0.01591736,0.0423141,0.13459936,0.24727301,0.55656827,0.19615872
1830,0.00370811,0.01738778,0.04468652,0.14880404,0.24381655,0.541597,0.21458645
1840,0.00393621,0.01831937,0.05007258,0.15406598,0.23956059,0.53404528,0.22639414
1850,0.00419875,0.0195265,0.05425138,0.15662416,0.23565515,0.52974407,0.23460079
1860,0.00440525,0.02027274,0.06136287,0.158376,0.23165926,0.52392388,0.24441686
1870,0.00407288,0.02036038,0.06665661,0.15856433,0.23031107,0.52003473,0.2496542
1880,0.00448328,0.02131718,0.07423424,0.17349967,0.22577221,0.50069343,0.27353437
1890,0.00490915,0.02300451,0.08058991,0.1923356,0.22164482,0.47751602,0.30083917
1900,0.00547573,0.02444506,0.08557965,0.23769276,0.21648996,0.43031683,0.3531932
1910,0.00616321,0.02534579,0.0941638,0.24960778,0.21095351,0.41376591,0.37528058
1920,0.00699149,0.02658997,0.10206382,0.25908521,0.20525262,0.40001688,0.39473049
1930,0.0075664,0.02878949,0.11055116,0.26780098,0.19799138,0.38730059,0.41470803
1940,0.00785207,0.03160492,0.1187346,0.27916594,0.18893349,0.37370899,0.43735753
1950,0.0086485,0.03452377,0.12602652,0.28750972,0.18263073,0.36066076,0.45670851
1960,0.00976635,0.0405572,0.13422413,0.28857601,0.17591797,0.35095835,0.47312369
1970,0.01167391,0.0477231,0.13238953,0.28700015,0.17246954,0.34874376,0.47878669
1980,0.01318062,0.05486174,0.13055433,0.28849371,0.1690427,0.34386689,0.4870904
1990,0.01372868,0.06266218,0.13048743,0.28572917,0.16530252,0.34209002,0.49260746
2000,0.01535846,0.06772181,0.12974019,0.28612974,0.16211412,0.33893568,0.4989502
2001,0.01551761,0.0681918,0.12975952,0.28547875,0.16206913,0.3389832,0.49894768
2002,0.01569719,0.06860753,0.12952145,0.28504819,0.16202017,0.33910547,0.49887436
2003,0.01587725,0.06901084,0.13030476,0.2835668,0.16187257,0.33936779,0.49875965
2004,0.01596996,0.06950519,0.13045414,0.28322883,0.16162006,0.33922182,0.49915812
2005,0.01614383,0.06990021,0.13069057,0.28186035,0.161859,0.33954603,0.49859496
2006,0.01637133,0.07021625,0.12992668,0.2820371,0.1619363,0.33951234,0.49855136
2007,0.01653084,0.07060486,0.12976275,0.28182918,0.16178786,0.33948452,0.49872763
2008,0.01666529,0.07100807,0.13019001,0.28105874,0.16159,0.33948788,0.49892211
2009,0.01680995,0.07141915,0.13013541,0.28057304,0.16147403,0.33958843,0.49893755
2010,0.01695386,0.07176692,0.12974413,0.28034083,0.1614345,0.33975976,0.49880574
2011,0.01707328,0.0722042,0.12999165,0.27893704,0.16139218,0.34040165,0.49820617
2012,0.01721856,0.07259175,0.13051874,0.27805376,0.16122676,0.34039042,0.49838281
2013,0.01736444,0.07300756,0.13071597,0.27748264,0.16156646,0.33986293,0.49857061
2014,0.0175333,0.07354221,0.13095377,0.27672489,0.16142008,0.33982575,0.49875417
2015,0.01768939,0.07405522,0.13124166,0.27597198,0.16126687,0.33977487,0.49895825
